KERNEL;PSNR;EXE_TIME;PSNR/EXE_TIME;NOISE_TIME
1;18.97066067066109;0.014987945556640625;1265.728;1.6204841136932373
2;21.939503790141526;0.020823001861572266;1053.619;2.935422658920288
3;23.587353076042838;0.028911113739013672;815.858;4.3627588748931885
4;24.854090146022436;0.03814411163330078;651.584;5.815195798873901
5;25.779768918663322;0.04589438438415527;561.719;7.265727758407593
6;26.511272082931715;0.06054377555847168;437.886;8.726563692092896
7;27.147903631097957;0.06275606155395508;432.594;10.18423581123352
8;27.69124688439127;0.06944656372070312;398.742;11.631606578826904
9;28.182395116479526;0.08021950721740723;351.316;13.093092679977417
10;28.60796741397186;0.09343934059143066;306.166;14.535045623779297
11;28.979129277814515;0.09834814071655273;294.659;15.997365951538086
12;29.28075651275344;0.11079668998718262;264.275;17.447506427764893
13;29.59569975954711;0.11429047584533691;258.952;18.915067434310913
14;29.89278515717112;0.12893939018249512;231.836;20.386311531066895
15;30.161402867008192;0.13112378120422363;230.022;21.829493522644043
16;30.40436406538298;0.13138127326965332;231.421;23.272507667541504
17;30.617954296787268;0.14951562881469727;204.781;24.726264238357544
18;30.811396861394577;0.16164374351501465;190.613;26.175504684448242
19;31.043869825554996;0.1662144660949707;186.77;27.61467957496643
20;31.231726492444444;0.17915129661560059;174.332;29.1080424785614
21;31.40832395475989;0.18299531936645508;171.635;30.526406049728394
22;31.554738133658628;0.1956615447998047;161.272;32.01607155799866
23;31.68144358016808;0.20037317276000977;158.112;33.458654165267944
24;31.845633612359574;0.21276569366455078;149.675;34.948957443237305
25;32.010264394819;0.21720266342163086;147.375;36.389065742492676
26;32.138048429422774;0.23108506202697754;139.075;37.83412766456604
27;32.28273445310628;0.2334613800048828;138.279;39.26008129119873
28;32.4118422760517;0.24814510345458984;130.616;40.71108388900757
29;32.484537024943606;0.250995397567749;129.423;42.13224267959595
30;32.61682905075644;0.2638223171234131;123.632;43.66105842590332
31;32.73055895073575;0.2684791088104248;121.911;45.07688093185425
32;32.853765104275745;0.2546877861022949;128.996;46.562023401260376
33;32.918079375601785;0.2852010726928711;115.421;47.997408628463745
34;33.00257827161863;0.2992126941680908;110.298;49.47579550743103
35;33.1193077235655;0.3006870746612549;110.145;50.90344190597534
36;33.20492173670816;0.3154482841491699;105.263;52.39954948425293
37;33.31856946934379;0.31871604919433594;104.54;53.82840347290039
38;33.4103421767211;0.333660364151001;100.133;55.27289795875549
39;33.4636494169215;0.3361828327178955;99.54;56.75064444541931
40;33.53247930398847;0.3494391441345215;95.961;58.20580554008484
41;33.60260549195213;0.35150623321533203;95.596;59.614384174346924
42;33.711040772777636;0.36800646781921387;91.604;61.11075258255005
43;33.78502643600318;0.3707752227783203;91.12;62.549386501312256
44;33.85855423943311;0.38477563858032227;87.996;64.19966983795166
45;33.931807876283045;0.3869659900665283;87.687;65.48737382888794
46;33.98209976872883;0.40205812454223633;84.52;67.11520528793335
47;34.058046630050086;0.4056892395019531;83.951;68.54039525985718
48;34.10425058426272;0.4195394515991211;81.29;70.0627269744873
49;34.14594698423076;0.4212028980255127;81.068;71.29428744316101
50;34.186640746750534;0.43586254119873047;78.434;72.72789859771729
51;34.24854437903457;0.43835949897766113;78.129;74.12190222740173
52;34.32406721894611;0.45519328117370605;75.405;75.65266704559326
53;34.39132280779484;0.45516276359558105;75.558;77.0304753780365
54;34.46659719902293;0.47080445289611816;73.208;78.52440476417542
55;34.509731112420354;0.47424983978271484;72.767;80.0096001625061
56;34.570557147173645;0.48773908615112305;70.879;81.4484453201294
57;34.629156301977034;0.4890580177307129;70.808;83.10414123535156
58;34.6548727497428;0.5049285888671875;68.633;84.32167792320251
59;34.6989659674643;0.5055689811706543;68.633;85.75590658187866
60;34.74335415940237;0.5201833248138428;66.791;87.23058891296387
61;34.80271255338013;0.5207111835479736;66.837;88.7289834022522
62;34.852447896920545;0.5401134490966797;64.528;90.19944357872009
63;34.89033064946892;0.5410492420196533;64.486;91.6611328125
64;34.92196471220429;0.5002169609069824;69.814;93.09980487823486
65;34.95718948078305;0.5548064708709717;63.008;94.55585026741028
66;34.983527153259885;0.5718681812286377;61.174;96.08039879798889
67;35.00860075188327;0.5736823081970215;61.024;97.4773497581482
68;35.03922560745753;0.5879306793212891;59.598;98.90287685394287
69;35.099708849993505;0.5907077789306641;59.42;100.34743070602417
70;35.12848685727501;0.6067063808441162;57.9;101.83192229270935
71;35.17892259862028;0.6084389686584473;57.818;103.23780751228333
72;35.20921769506903;0.6222641468048096;56.582;104.78257393836975
73;35.261278674346826;0.6241230964660645;56.497;106.2085931301117
74;35.327205710019726;0.6439111232757568;54.863;107.6565055847168
75;35.324339724567196;0.6433289051055908;54.909;109.13805913925171
76;35.351308164252785;0.6580250263214111;53.723;110.61203265190125
77;35.381489739334725;0.6618542671203613;53.458;111.97933793067932
78;35.40889217267338;0.6771299839019775;52.293;113.66398859024048
79;35.43375452639963;0.6803574562072754;52.081;115.46058177947998
80;35.46712748179448;0.6917648315429688;51.27;116.33405995368958
81;35.51127795362297;0.6927063465118408;51.265;117.78279662132263
82;35.524426496135895;0.7106854915618896;49.986;119.28805780410767
83;35.55367438239904;0.7107396125793457;50.023;120.76669692993164
84;35.59724541172329;0.7263779640197754;49.007;122.24023652076721
85;35.61897504751178;0.7262532711029053;49.045;123.7734637260437
86;35.65307965798408;0.7415211200714111;48.081;125.20316123962402
87;35.671320119912735;0.7429161071777344;48.015;126.6377387046814
88;35.704396132710066;0.7584617137908936;47.075;128.08044028282166
89;35.727837140275405;0.7581427097320557;47.125;129.54820442199707
90;35.75650702348534;0.776684045791626;46.037;130.9775631427765
91;35.76988839344358;0.7782659530639648;45.961;132.40906405448914
92;35.806962081314154;0.7950434684753418;45.038;133.91070222854614
93;35.835775047918865;0.7977678775787354;44.92;135.33515310287476
94;35.85011095483145;0.8132936954498291;44.08;136.8099594116211
